pose0 = [92.87217712402344,18.125370025634766,-41.355613708496094,0.8590555787086487,-49.22829055786133,-63.55329132080078]
pose1 = [89.81889343261719,24.53651237487793,-51.20912170410156,-4.0175862312316895,-37.36531448364258,-56.51060104370117]
pose2 = [45.07453155517578,45.947452545166016,-8.966269493103027,1.5336558818817139,-80.24510192871094,-16.003690719604492]
pose3 = [40.18388366699219,57.8693733215332,-16.98442268371582,-1.184096097946167,-71.86784362792969,-12.543599128723145]
pose4 = [91.19219207763672,18.180511474609375,-41.26266098022461,-0.07059883326292038,-48.42890548706055,-62.886844635009766]
pose5 = [90.66902923583984,18.180810928344727,-41.12506103515625,-2.7863874435424805,-48.007633209228516,-148.91787719726562] # Rotate 90
pose6 = [88.79205322265625,24.91090202331543,-50.50844192504883,-6.881253242492676,-38.27078628540039,-146.1035919189453]

pose4v2 = [91.7227554321289,17.42302131652832,-39.61912155151367,1.3989849090576172,-51.0536994934082,27.827421188354492]
pose1v2 = [94.2, 24.5, -53, 2.24, -36.9, -64.1]
